 MK_GK07.DAT
 500  25
  51   8   6   6  10   8   8  10   7   8   5   8   6   6   6   7   6   7   5   8
   6   8   9   6   7   5
  79  11  10   8  12   8  15  16  13  13  15  15  14  15  15  16  11  14   9  12
  12  14  15  12  13   7
  73   9  11  13  14   7  10  12  15   8  15  14  12  10  10  14   7  14  12   7
  10  14  11   7  14  12
  70   8   8  11   8  11   7  10   8   9   8  10  11   7  13   7  14  11  14   8
  13  11  12   9   8   9
  53  11   6   7   9   6   9  10  10   9   6   8   9   9   7  11   9   8   6  10
   6   6   8   6   5  10
  53   7   6   6   9   8   7   7  11   6   7   6   8   9   8   8   8  10   5  11
   9   9   9   5   8  10
  51   9   5   7   9   8   7  10  10   7  10   6   5   6   7   8   5  10   6   5
   8  10  10  10   9   9
  84  16  11  11  15  11  12  11  13  14  16  15  12  15   9   9  10  15  14  10
  10  12   8   8  16  16
  72  14  15   9  10   8  11  11  14   8  12  14   8  14   9  12  15  14  12  15
   8   8   7   8  11  12
  68   9  13  11  10  12   9   9  13   7  13   8  11  10   8  10  14   9  10   8
   7   9  11  12  11  12
  89  13  11  15  16  15  14  14  12  11  13  13  10  10  18  16  15  18  18  16
  18  13  13  12  16  13
  65  12  10   8  10  12  12   9   9  13   9   8  12  10   8   8  12  11  11   6
  13  13  13   7   8  12
  62   7  10   7  11   6  12   9  11   9   7  10  12   7   6   7  12  11   7   6
  10   8   9  12   6   6
  96  18  17  10  11  15  11  18  15  18  19  18  10  16  17  10  19  17  11  16
  17  17  13  16  13  14
  76   8  14   9  14  14  13  11  11  14   7  11  14  12  13  15   8   9  12  10
  11  14  13   9  10  13
  78  12   9  11   8   8  11  15  10   9  14  13   8  10  15  10  14  12  12   9
  15  13  14  16   9   8
  94  12  15  12  10  18  11  18  12  13  16  10  18  18  17  17  18  16  11  19
  12  18  10  15  17  10
  63   9  12   8  11  13   8  10  11  12   9   6  13  13   9  10  10   6  10   7
  10   8   7   7  13   6
  82  15   9   8  15  12   9  13  12   8  10  11  11   8   9  11   9  13  15  10
  14   9  15  14  12  14
  61   9   6   7  10   7  12  11   9   6  11   7  10  11  13   8   6  12   8  11
   9   6   8   8   8   6
  66   8  11   9   8   7  11  12  10  13  11  11  12   9   9  10  10   8   9   9
   8   9   9  11   9  11
  55   8  11   6   9   9   5   6   9   6  11   5  10   8   6   6   9   5   9   8
  10   7   8   6   7   6
  60   9   7   6  12   8   7  12  12   6   8   7   8   9   7  10  11   9   6  10
  10   7  10  11  12  12
  63   9   6  12  13  11  11  10   7  11  11   9   8  10   6   7   6   7  12  11
   8  11  12   7  11  11
  50   5  10   6   9   5   6   7   9   5   6   9   5   5   7   9   5   7   5  10
   7   8  10  10   7   5
  63   8   8  12  12  12   7   9  10  12  12  10   9  11  11  11   6   9  12  12
  11   7  12   7  10  11
  91  12  16  15   9  12  13  15  17  18  13  12  15  11  13  18  16  17   9  19
  10  15  13  15  12   9
  65   6  10   8   7   7   6   9   8  11  12   8  12  13  11  13  10  10   7  12
  13   9  12  11   9  12
  64  10  11  12   8   6   6  10   7   6  13  11  11   6   6  11  13   7  11  13
   8   9  13  12  13  13
  55   9   6  10  10   8  10   6   5   9  10   9  10  11   9   7  11   8   9  11
   7   5   9   7   7   9
  80  12   8   8   9  15  13   9  11  16  16  14  13  16  11   8   8  15  10  15
   9  15  10  16  10  11
  74  15  15  14  10  15  11  11  15  13  15  14   8  13  12  11   9  12  14  14
   9  14  14  10   7  11
  95  19  18  15  11  14  18  12  16  11   9  18  15  17  18  12  14   9  10  17
  19  10  16  10  13  12
  96  19   9  11  18  16  13  11   9  20  13  10  15  13  19  16  17  14  12  10
  18  14  12  15  18  10
  56  11   6   6   8   8   7  10  11  11  11   7   5  10   7   6  11   7  10   8
  10   7   8   7   8  10
  90  10  14  17  12  10  11  13  10  17  16  13   9  16  15  11  14  12  17  13
  13   9  13  15  16  10
  91  17  17  14  11  12   9  10  11  16   9   9  14  17  12  14   9  14  17   9
  12  17  17   9  16  11
  60   6   9  11  12  10  11   6   6   7   7   8  10   9   7  10   9  11   8  10
   7  12  11   7   9  12
  59  11  10   9  11  10   7  11  12   7  12   7   6  11   8   6   9  12  10  12
  12   8  11  12   8   7
  68   9   9   7   7   8   7  13  10  11  11   8   7   8  10  13   9   6  11  11
   9   7  10  13  12  10
  80  11  11  13   9  11   8  10  10  12  14  11   8  16  10  11  13  14  12  14
  16  12   8  11   9  11
  82  13  11  16  16  11  15  14   8  14  10  17  10  14  13   8  10   8  11  16
  16  16  16  13  14  13
 100  17  10  18  14  16  18  14  15  17  20  20  15  10  16  16  13  16  11  11
  19  11  17  16  18  18
  70  14   7  13   9  12  12  12   8   8  14  11  10  12  12  10  12   9  14  12
  11  13  12  14   8  11
  52   9   6   7   7  11   9   6   8   7   6   6   9  10   6   5  10  10   5   6
  10   6   6   7   9   6
  79  13  16  12  12  16  12  14  10  11   8   9  10  12   8  10  14  12  13  11
  15  12   8   8  11  11
  62   9  12  12   8  11   9   9  11  12   7  12  11   6  10  10  12   9   7  11
  10   7   6  12  12  13
  51  10   9   5   6   6   7   6   8  10   7   5   8  10   9  10   6   7  10   5
   6   9   5   5   7   9
  78  13  13  15  10  12   7   8  15  12  12  11   8  15  13  11   7  12  16  10
  13  12  15   8  14  10
  95  14  12  14  12  14  12  11  13  17  17  10  10  16  13  19  17  14  14  19
  15  13  15  15  11  17
  56  10   7  11   7  12  12   9   9   7   9   9   6  11   5   5  10  10   8   7
   6  10  10   6  12   5
  81  10  15  11  10  11  11  15  12  17  11  12  16  16  10  10  12  13  12  11
  12  14  10  14  15  10
  75  13  15   9  11  11  14  12  15  15   9  11   7  12  12   9  13   8  10  10
  12   9  13   8   8  15
  50   5   9   5   6   9   5  10   6   5   9   5   6   8   9   5   7   6   6   6
   7   8  10   6  10   8
  80   8  11  12  14  16  10  11  14  11  12   9  12  12   8  14  13  16  12  16
  12  12  12  13  16   9
  84  17   9  17   8  17  12  16  16  13   9  11  11  13  10  16  16  14  14  14
  15  16   9  15  16  13
  83   8  14   9   9   8  11   8  16   9  10  13  14  17  12  10  14  15  17  10
  10  14  11  17   9   9
  92  14  13  17  18  18   9  16  10  14  19  15   9  10  10   9  14  17  14  14
  15  16  14  16  18  15
  54   7   8   8  10   6   6   8  11   7   7  11   9  11   5  10   6   9  10  10
   5  10   7  10   7   8
  72  11  14   9  13   9  13  13  12  14  10   9  14  12  13  13  13  13  10   9
  11  13  14   7  14  13
  57  11   5   9   9   7  12   6   6  11  10   6   6  11   7  12   9  10   7  11
   8  11   9   6  12  10
  87   8  16  11  17  11  17  17  17   9  10  10   8  10   9   9  16  12  13  16
  10  15  14  12  10  11
  84  14  15  10  10  10  10   8  12   9  15  11  13  17  10  10  13  10  15  11
  15  13  15   9  16  16
  53  10   8  10   5   6   9   5   9   5   6   5   8  10   7   5   8   7   8   7
   9   7   5   7   6   7
  94  10  14  15  17  12  13  19  19  14  18  14  12  19  19  16  13  17  18  18
  17  18  10  16  13  14
  75  12  15  13  15  15  11  11   9  14   9  15   9   8  14   7  12  13  15  12
  13   9  15  15  15  15
  79  15   9  15  11  13  11   9  16  15  12  13  13  12  14   8   9  11   7  15
  11   9  14  13  11  13
  63  11   9   9   7   9   6   7   7   7  12   9   8   9   8  12   7   7  10  11
   7  10   6  11  13   8
  84  12  15  12  10  16  13  14  17  13  14   9   9   9  17  13   9  10  14  15
  14  11  10  17  14  17
  57  12  11   6  11  12   9   6  10   6   9  10   7  11   6  11  10  10   8   6
   9  10   8  12   8  11
  60   9   7  10   7   9   7   6   7   9   7   8   9  12   6   6  12  10  12   9
   9  11   6   9   7   6
  92  18  17  12  14  19  13   9  17  10   9  14  17  11  14  15  17  13  17  12
  13  16  16  14  11  10
  92  11  10  18  15  12  14  10  10  16  15   9   9  15   9  13  11   9   9  13
  14  12  10  13  16  12
  60   9  12   8   6  10  10   6   6  11   6   7  11  10  11   8  10   7   9   6
   6   7   9  12  11  11
  53   5   9   7   8  10   9   7   8   9  11   6  11   5   7   8   7   9   6  10
   6   7   7   7   9   9
  72  12  11  10  11   8  14  12   9  12  13   8  14   8   8   9  13   8  12   7
  14  13  12  11   8  10
  82  16  16  12  15  11  11  16   9  12  15  12  16   8  11  16  11  12  16   9
  13  12   8  15  10  16
  69   7  13  13   7  